4 0.05755208333333333 0.37962962962962965 0.07864583333333333 0.10740740740740741
5 0.17578125 0.38981481481481484 0.1296875 0.08518518518518518
4 0.4041666666666667 0.4162037037037037 0.026041666666666668 0.12129629629629629
5 0.39791666666666664 0.39814814814814814 0.0625 0.06481481481481481
2 0.37161458333333336 0.3680555555555556 0.0546875 0.11018518518518519
5 0.4734375 0.41574074074074074 0.1125 0.09074074074074075
7 0.5760416666666667 0.40555555555555556 0.042708333333333334 0.06666666666666667
4 0.60859375 0.4134259259259259 0.013020833333333334 0.04722222222222222
4 0.6341145833333334 0.41712962962962963 0.016145833333333335 0.05092592592592592
4 0.5255208333333333 0.4013888888888889 0.011458333333333333 0.04722222222222222
1 0.7606770833333333 0.42824074074074076 0.0609375 0.07314814814814814
7 0.8567708333333334 0.42592592592592593 0.10104166666666667 0.11481481481481481
5 0.9552083333333333 0.44583333333333336 0.08958333333333333 0.07314814814814814