4 0.16302083333333334 0.5097222222222222 0.109375 0.3731481481481482
5 0.2760416666666667 0.49675925925925923 0.15 0.17685185185185184
4 0.33932291666666664 0.5064814814814815 0.09427083333333333 0.21296296296296297
4 0.584375 0.5143518518518518 0.04479166666666667 0.14166666666666666
4 0.6447916666666667 0.5097222222222222 0.03229166666666667 0.10277777777777777
4 0.7200520833333334 0.5143518518518518 0.03177083333333333 0.15648148148148147
5 0.6794270833333333 0.5046296296296297 0.05260416666666667 0.07592592592592592
4 0.7484375 0.5055555555555555 0.014583333333333334 0.053703703703703705
4 0.8015625 0.5111111111111111 0.029166666666666667 0.14074074074074075
2 0.84375 0.49537037037037035 0.026041666666666668 0.044444444444444446
5 0.8578125 0.5027777777777778 0.019791666666666666 0.04259259259259259