5 0.42265625 0.39861111111111114 0.0234375 0.04351851851851852
5 0.4453125 0.40046296296296297 0.021875 0.028703703703703703
5 0.38619791666666664 0.39444444444444443 0.0203125 0.027777777777777776
6 0.5088541666666667 0.37083333333333335 0.07916666666666666 0.14166666666666666
5 0.56484375 0.41574074074074074 0.030729166666666665 0.04814814814814815
5 0.58671875 0.4203703703703704 0.0421875 0.06111111111111111
5 0.746875 0.49907407407407406 0.12604166666666666 0.17407407407407408
4 0.6559895833333333 0.45 0.03802083333333333 0.1259259259259259
5 0.6953125 0.4444444444444444 0.057291666666666664 0.08518518518518518
5 0.8450520833333334 0.44583333333333336 0.0921875 0.06759259259259259
1 0.92734375 0.44537037037037036 0.0546875 0.07037037037037037
1 0.9841145833333333 0.4949074074074074 0.03177083333333333 0.15092592592592594