5 0.21276041666666667 0.40185185185185185 0.15052083333333333 0.11296296296296296
6 0.46015625 0.37592592592592594 0.04739583333333333 0.10555555555555556
6 0.5026041666666666 0.38796296296296295 0.03854166666666667 0.06666666666666667
5 0.5734375 0.4185185185185185 0.04479166666666667 0.053703703703703705
4 0.5809895833333333 0.42268518518518516 0.021354166666666667 0.0787037037037037
5 0.6135416666666667 0.42083333333333334 0.027083333333333334 0.04537037037037037
5 0.63984375 0.4273148148148148 0.049479166666666664 0.06388888888888888
5 0.69296875 0.44814814814814813 0.06822916666666666 0.09814814814814815
5 0.7421875 0.43425925925925923 0.053125 0.06111111111111111
1 0.9138020833333333 0.4439814814814815 0.05260416666666667 0.0712962962962963
1 0.9671875 0.44675925925925924 0.053125 0.06574074074074074
5 0.39557291666666666 0.3958333333333333 0.022395833333333334 0.025