5 0.9630208333333333 0.4675925925925926 0.07395833333333333 0.08333333333333333
5 0.8549479166666667 0.4875 0.1265625 0.1398148148148148
5 0.5565104166666667 0.40879629629629627 0.025520833333333333 0.04351851851851852
4 0.58359375 0.4111111111111111 0.0203125 0.053703703703703705
5 0.5911458333333334 0.4083333333333333 0.03333333333333333 0.05555555555555555
5 0.48932291666666666 0.4097222222222222 0.11197916666666667 0.08981481481481482
5 0.42890625 0.3921296296296296 0.033854166666666664 0.06018518518518518
5 0.37942708333333336 0.3939814814814815 0.06822916666666666 0.06759259259259259
4 0.3140625 0.4134259259259259 0.109375 0.16203703703703703
1 0.0765625 0.4050925925925926 0.15208333333333332 0.22314814814814815
2 0.8768229166666667 0.4115740740740741 0.2171875 0.1527777777777778