1 0.15208333333333332 0.5055555555555555 0.13125 0.18333333333333332
4 0.3296875 0.5115740740740741 0.06770833333333333 0.1935185185185185
4 0.471875 0.5064814814814815 0.04895833333333333 0.1648148148148148
5 0.4596354166666667 0.5018518518518519 0.07447916666666667 0.08518518518518518
7 0.5703125 0.48657407407407405 0.042708333333333334 0.08055555555555556
5 0.5984375 0.49212962962962964 0.016666666666666666 0.04722222222222222
4 0.6231770833333333 0.4935185185185185 0.011979166666666667 0.05
5 0.6369791666666667 0.49398148148148147 0.023958333333333335 0.03981481481481482
5 0.6567708333333333 0.49212962962962964 0.022916666666666665 0.03425925925925926
7 0.67578125 0.48703703703703705 0.018229166666666668 0.03333333333333333
5 0.7151041666666667 0.4861111111111111 0.020833333333333332 0.040740740740740744