5 0.11354166666666667 0.4023148148148148 0.225 0.14166666666666666
7 0.2953125 0.38472222222222224 0.14375 0.14351851851851852
4 0.38255208333333335 0.42083333333333334 0.08177083333333333 0.13240740740740742
1 0.5096354166666667 0.44583333333333336 0.1296875 0.16018518518518518
7 0.521875 0.4064814814814815 0.184375 0.2074074074074074
4 0.5950520833333334 0.46064814814814814 0.09010416666666667 0.17685185185185184
4 0.7864583333333334 0.4888888888888889 0.053125 0.17037037037037037
5 0.69921875 0.44907407407407407 0.13697916666666668 0.1
1 0.8380208333333333 0.48148148148148145 0.071875 0.16111111111111112
2 0.8223958333333333 0.41388888888888886 0.17604166666666668 0.15
5 0.9338541666666667 0.46296296296296297 0.096875 0.1037037037037037