5 0.07161458333333333 0.39351851851851855 0.1421875 0.14629629629629629
1 0.2760416666666667 0.40879629629629627 0.15520833333333334 0.1787037037037037
4 0.4635416666666667 0.4300925925925926 0.08645833333333333 0.13796296296296295
4 0.5627604166666667 0.4462962962962963 0.06927083333333334 0.13703703703703704
5 0.48489583333333336 0.4337962962962963 0.17291666666666666 0.10833333333333334
5 0.6885416666666667 0.4486111111111111 0.12604166666666666 0.09166666666666666
5 0.7864583333333334 0.5106481481481482 0.15416666666666667 0.18425925925925926
1 0.8497395833333333 0.4625 0.08072916666666667 0.12129629629629629
5 0.93046875 0.4587962962962963 0.0921875 0.09907407407407408
5 0.6169270833333333 0.41805555555555557 0.0421875 0.05648148148148148
4 0.6388020833333333 0.4185185185185185 0.019270833333333334 0.06111111111111111