5 0.06666666666666667 0.3814814814814815 0.13229166666666667 0.12777777777777777
5 0.24947916666666667 0.38564814814814813 0.16666666666666666 0.1361111111111111
5 0.34869791666666666 0.4013888888888889 0.059895833333333336 0.08425925925925926
5 0.48411458333333335 0.4125 0.05260416666666667 0.08425925925925926
7 0.525 0.38657407407407407 0.04791666666666667 0.08425925925925926
7 0.5973958333333333 0.4185185185185185 0.059375 0.13148148148148148
7 0.6739583333333333 0.43287037037037035 0.07291666666666667 0.16944444444444445
5 0.73671875 0.4305555555555556 0.05677083333333333 0.06111111111111111
5 0.8361979166666667 0.5314814814814814 0.20260416666666667 0.2351851851851852
4 0.9151041666666667 0.47962962962962963 0.0375 0.15
4 0.9520833333333333 0.48564814814814816 0.03229166666666667 0.14166666666666666
4 0.9841145833333333 0.5046296296296297 0.03177083333333333 0.1685185185185185