2 0.10364583333333334 0.3398148148148148 0.20625 0.2037037037037037
5 0.023177083333333334 0.3962962962962963 0.0453125 0.08703703703703704
4 0.2752604166666667 0.39444444444444443 0.044270833333333336 0.08148148148148149
5 0.39401041666666664 0.4125 0.13697916666666668 0.09537037037037037
4 0.4984375 0.4148148148148148 0.04479166666666667 0.07962962962962963
5 0.5348958333333333 0.40046296296296297 0.040625 0.062037037037037036
7 0.4588541666666667 0.3976851851851852 0.025 0.041666666666666664
7 0.5684895833333333 0.40370370370370373 0.03177083333333333 0.06296296296296296
4 0.5838541666666667 0.41944444444444445 0.03333333333333333 0.06666666666666667
5 0.5875 0.4185185185185185 0.03333333333333333 0.053703703703703705
5 0.64765625 0.4310185185185185 0.12239583333333333 0.08981481481481482
1 0.7559895833333333 0.4305555555555556 0.0578125 0.07222222222222222