7 0.08098958333333334 0.35462962962962963 0.1609375 0.1814814814814815
5 0.21979166666666666 0.40370370370370373 0.14791666666666667 0.1111111111111111
5 0.32864583333333336 0.3990740740740741 0.08020833333333334 0.09259259259259259
5 0.4205729166666667 0.3976851851851852 0.1078125 0.11018518518518519
5 0.49296875 0.4074074074074074 0.03697916666666667 0.053703703703703705
5 0.5432291666666667 0.4111111111111111 0.041666666666666664 0.04814814814814815
7 0.59375 0.41435185185185186 0.041666666666666664 0.08981481481481482
7 0.6544270833333333 0.41805555555555557 0.05260416666666667 0.11574074074074074
5 0.7338541666666667 0.4550925925925926 0.08020833333333334 0.10462962962962963
4 0.75546875 0.49537037037037035 0.05364583333333333 0.17962962962962964
4 0.8760416666666667 0.4759259259259259 0.030208333333333334 0.14814814814814814
4 0.9703125 0.4861111111111111 0.03125 0.13518518518518519
4 0.9544270833333334 0.475462962962963 0.03802083333333333 0.1287037037037037
1 0.9473958333333333 0.44351851851851853 0.05625 0.06666666666666667
5 0.6229166666666667 0.41805555555555557 0.017708333333333333 0.075
7 0.5015625 0.38657407407407407 0.034375 0.0712962962962963