5 0.14192708333333334 0.4324074074074074 0.28072916666666664 0.36666666666666664
5 0.40703125 0.39814814814814814 0.05364583333333333 0.09074074074074075
5 0.44947916666666665 0.425462962962963 0.06458333333333334 0.10092592592592593
7 0.475 0.3939814814814815 0.0375 0.08981481481481482
5 0.5614583333333333 0.41574074074074074 0.0375 0.05
4 0.5973958333333333 0.4166666666666667 0.011458333333333333 0.05
5 0.6192708333333333 0.43425925925925923 0.04479166666666667 0.07777777777777778
4 0.6203125 0.4597222222222222 0.0375 0.15092592592592594
5 0.728125 0.48703703703703705 0.128125 0.15555555555555556
5 0.7677083333333333 0.4513888888888889 0.06979166666666667 0.09907407407407408
2 0.8604166666666667 0.4078703703703704 0.19895833333333332 0.1712962962962963
2 0.9791666666666666 0.42083333333333334 0.041666666666666664 0.10833333333333334