1 0.4203125 0.5055555555555555 0.12604166666666666 0.2037037037037037
4 0.6979166666666666 0.5143518518518518 0.04479166666666667 0.20462962962962963
1 0.6692708333333334 0.5032407407407408 0.028125 0.06759259259259259
5 0.7013020833333333 0.5106481481481482 0.05364583333333333 0.06574074074074074
4 0.7619791666666667 0.5087962962962963 0.021875 0.0712962962962963
5 0.76640625 0.5055555555555555 0.030729166666666665 0.04259259259259259
4 0.7903645833333334 0.5069444444444444 0.013020833333333334 0.05462962962962963
4 0.8 0.5074074074074074 0.013541666666666667 0.07222222222222222
4 0.8119791666666667 0.5087962962962963 0.016666666666666666 0.0824074074074074
4 0.82109375 0.5046296296296297 0.0078125 0.03518518518518519
4 0.8356770833333333 0.5037037037037037 0.0067708333333333336 0.027777777777777776
5 0.8580729166666666 0.5023148148148148 0.021354166666666667 0.04351851851851852