4 0.8661458333333333 0.4393518518518518 0.04375 0.06759259259259259
1 0.946875 0.4439814814814815 0.057291666666666664 0.06574074074074074
4 0.7130208333333333 0.48703703703703705 0.10625 0.2537037037037037
7 0.6270833333333333 0.4078703703703704 0.046875 0.0824074074074074
5 0.68671875 0.4263888888888889 0.04739583333333333 0.05648148148148148
4 0.5893229166666667 0.4217592592592593 0.0203125 0.06944444444444445
5 0.5669270833333333 0.4050925925925926 0.04010416666666667 0.07685185185185185
5 0.50234375 0.41805555555555557 0.07135416666666666 0.075
7 0.4395833333333333 0.4009259259259259 0.078125 0.08518518518518518
4 0.30625 0.4 0.042708333333333334 0.09074074074074075
4 0.19479166666666667 0.40925925925925927 0.103125 0.17037037037037037