1 0.43333333333333335 0.4449074074074074 0.11666666666666667 0.20277777777777778
1 0.5723958333333333 0.46435185185185185 0.09479166666666666 0.19537037037037036
5 0.4973958333333333 0.40694444444444444 0.03333333333333333 0.05277777777777778
4 0.28125 0.39675925925925926 0.029166666666666667 0.09166666666666666
2 0.36875 0.3648148148148148 0.10520833333333333 0.15925925925925927
4 0.715625 0.4726851851851852 0.052083333333333336 0.1675925925925926
4 0.84140625 0.44907407407407407 0.03177083333333333 0.08148148148148149
4 0.9653645833333333 0.5120370370370371 0.04114583333333333 0.18518518518518517
1 0.9453125 0.4439814814814815 0.052083333333333336 0.06759259259259259
5 0.0796875 0.47685185185185186 0.15833333333333333 0.4388888888888889
5 0.3424479166666667 0.41203703703703703 0.0890625 0.1111111111111111
5 0.5192708333333333 0.40185185185185185 0.030208333333333334 0.05740740740740741
1 0.63515625 0.43657407407407406 0.04010416666666667 0.12129629629629629