4 0.13072916666666667 0.4 0.057291666666666664 0.1648148148148148
4 0.24036458333333333 0.399537037037037 0.044270833333333336 0.13425925925925927
5 0.94375 0.524537037037037 0.1125 0.2101851851851852
6 0.7479166666666667 0.40185185185185185 0.2864583333333333 0.5222222222222223
4 0.32109375 0.4148148148148148 0.0421875 0.13703703703703704
4 0.3802083333333333 0.42685185185185187 0.042708333333333334 0.1648148148148148
4 0.3455729166666667 0.4023148148148148 0.018229166666666668 0.09351851851851851
4 0.36015625 0.4101851851851852 0.0234375 0.10555555555555556
4 0.4083333333333333 0.4101851851851852 0.026041666666666668 0.09074074074074075
4 0.45260416666666664 0.4810185185185185 0.09270833333333334 0.30833333333333335
4 0.49453125 0.45555555555555555 0.04010416666666667 0.20185185185185187