4 0.11875 0.38287037037037036 0.08958333333333333 0.1527777777777778
5 0.2713541666666667 0.40185185185185185 0.15104166666666666 0.11666666666666667
5 0.40234375 0.4078703703703704 0.1078125 0.08796296296296297
5 0.5265625 0.4152777777777778 0.071875 0.07685185185185185
5 0.5895833333333333 0.41712962962962963 0.04583333333333333 0.062037037037037036
7 0.61015625 0.4046296296296296 0.0359375 0.07037037037037037
6 0.5596354166666667 0.38472222222222224 0.06302083333333333 0.10277777777777777
5 0.6671875 0.4236111111111111 0.053125 0.08055555555555556
4 0.91328125 0.5398148148148149 0.11197916666666667 0.29074074074074074
4 0.98203125 0.5092592592592593 0.0359375 0.1962962962962963
5 0.8020833333333334 0.49537037037037035 0.128125 0.17037037037037037