5 0.26875 0.4152777777777778 0.16145833333333334 0.23425925925925925
5 0.4283854166666667 0.3972222222222222 0.04635416666666667 0.07777777777777778
5 0.4661458333333333 0.4185185185185185 0.052083333333333336 0.08333333333333333
5 0.40859375 0.39861111111111114 0.0296875 0.05092592592592592
7 0.47578125 0.387037037037037 0.034895833333333334 0.06296296296296296
5 0.5658854166666667 0.4152777777777778 0.0359375 0.049074074074074076
4 0.5856770833333333 0.41388888888888886 0.013020833333333334 0.04814814814814815
5 0.6231770833333333 0.43287037037037035 0.05677083333333333 0.0787037037037037
4 0.6361979166666667 0.46944444444444444 0.05260416666666667 0.16666666666666666
5 0.7606770833333333 0.4787037037037037 0.10677083333333333 0.13148148148148148
5 0.7791666666666667 0.45231481481481484 0.06354166666666666 0.09907407407407408
2 0.8721354166666667 0.40925925925925927 0.19635416666666666 0.1685185185185185
2 0.9838541666666667 0.42453703703703705 0.03229166666666667 0.11574074074074074
5 0.37838541666666664 0.39444444444444443 0.022395833333333334 0.025925925925925925