4 0.10390625 0.4412037037037037 0.20572916666666666 0.36203703703703705
5 0.31640625 0.40879629629629627 0.14114583333333333 0.10277777777777777
4 0.55859375 0.4152777777777778 0.0171875 0.06759259259259259
5 0.62890625 0.425462962962963 0.05260416666666667 0.062037037037037036
5 0.6838541666666667 0.44212962962962965 0.06145833333333333 0.08611111111111111
5 0.5731770833333333 0.4166666666666667 0.027604166666666666 0.05185185185185185
5 0.6033854166666667 0.4199074074074074 0.024479166666666666 0.04537037037037037
5 0.72265625 0.43333333333333335 0.0421875 0.06111111111111111
1 0.91171875 0.4444444444444444 0.05572916666666667 0.07037037037037037
1 0.9583333333333334 0.4462962962962963 0.042708333333333334 0.06481481481481481
6 0.45 0.3768518518518518 0.05 0.0962962962962963
6 0.4979166666666667 0.3861111111111111 0.05 0.06481481481481481