5 0.9341145833333333 0.45740740740740743 0.0703125 0.08148148148148149
4 0.9630208333333333 0.5097222222222222 0.03958333333333333 0.18611111111111112
2 0.7653645833333333 0.3962962962962963 0.22135416666666666 0.2037037037037037
4 0.6395833333333333 0.41898148148148145 0.01875 0.06574074074074074
5 0.6174479166666667 0.4185185185185185 0.0390625 0.05555555555555555
1 0.5684895833333333 0.4111111111111111 0.033854166666666664 0.06666666666666667
5 0.4953125 0.4074074074074074 0.03958333333333333 0.05185185185185185
5 0.4 0.41898148148148145 0.09479166666666666 0.13240740740740742
5 0.36953125 0.40185185185185185 0.0671875 0.09074074074074075
1 0.2833333333333333 0.4027777777777778 0.10416666666666667 0.12037037037037036
5 0.44947916666666665 0.4064814814814815 0.036458333333333336 0.07222222222222222
2 0.4328125 0.3773148148148148 0.04895833333333333 0.10833333333333334