5 0.57265625 0.4703703703703704 0.13802083333333334 0.15
5 0.39166666666666666 0.425462962962963 0.17604166666666668 0.125
4 0.28854166666666664 0.44074074074074077 0.14375 0.20925925925925926
5 0.06510416666666667 0.3861111111111111 0.12916666666666668 0.1037037037037037
5 0.24869791666666666 0.3962962962962963 0.13489583333333333 0.08333333333333333
7 0.47421875 0.3925925925925926 0.0390625 0.06666666666666667
1 0.7119791666666667 0.4337962962962963 0.06979166666666667 0.08611111111111111
4 0.8643229166666667 0.5611111111111111 0.1296875 0.37777777777777777
5 0.8700520833333333 0.4930555555555556 0.1265625 0.1361111111111111
5 0.9596354166666666 0.48194444444444445 0.08072916666666667 0.11018518518518519
5 0.8526041666666667 0.45925925925925926 0.1125 0.09074074074074075