5 0.89765625 0.48148148148148145 0.12864583333333332 0.12222222222222222
2 0.7734375 0.3990740740740741 0.228125 0.15185185185185185
4 0.55546875 0.44166666666666665 0.09010416666666667 0.14629629629629629
1 0.3138020833333333 0.42314814814814816 0.17447916666666666 0.19814814814814816
5 0.42213541666666665 0.39351851851851855 0.04739583333333333 0.06666666666666667
4 0.50703125 0.40185185185185185 0.015104166666666667 0.05185185185185185
7 0.5153645833333333 0.3921296296296296 0.030729166666666665 0.06388888888888888
4 0.5966145833333333 0.41064814814814815 0.0234375 0.05277777777777778
5 0.5911458333333334 0.4078703703703704 0.03125 0.05462962962962963
5 0.49166666666666664 0.399537037037037 0.01875 0.03611111111111111
5 0.47708333333333336 0.39861111111111114 0.014583333333333334 0.030555555555555555