7 0.1065625 0.05837239583333333 0.1991796875 0.10837890625
7 0.30869140625 0.06423177083333333 0.18361328125 0.10965494791666668
7 0.506025390625 0.062200520833333335 0.18458984375 0.11371744791666666
7 0.7022265625 0.06266276041666667 0.178076171875 0.11
7 0.8991796875 0.06110026041666666 0.181767578125 0.1103515625
7 0.903447265625 0.18948567708333333 0.1885546875 0.11163411458333333
7 0.701845703125 0.18931640625 0.18775390625 0.11012369791666667
7 0.505634765625 0.18908203125 0.18033203125 0.10966145833333334
7 0.30458984375 0.18321614583333334 0.173662109375 0.10838541666666666
7 0.10080078125 0.18078125 0.184189453125 0.10118489583333333
7 0.102197265625 0.30864583333333334 0.18 0.10258463541666667
7 0.303623046875 0.3116666666666667 0.1839453125 0.09932942708333332
7 0.502265625 0.31184244791666665 0.1823046875 0.09619791666666666
7 0.7057421875 0.3151497395833333 0.1659375 0.09236328125
7 0.904208984375 0.3111979166666667 0.181376953125 0.11233723958333335
7 0.9008203125 0.43228515625 0.18677734375 0.11062499999999999
7 0.700517578125 0.44018229166666667 0.183359375 0.10783854166666666
7 0.51119140625 0.4320572916666667 0.170537109375 0.09158203124999999
7 0.30654296875 0.43687499999999996 0.1688671875 0.11166666666666668
7 0.103310546875 0.43263671875 0.1752734375 0.10435546875
7 0.103486328125 0.56001953125 0.18607421875 0.10594401041666666
7 0.306396484375 0.559609375 0.163359375 0.10861328125000001
7 0.5027734375 0.56169921875 0.18158203125 0.11279296875
7 0.698427734375 0.5593750000000001 0.189638671875 0.11744140624999999
7 0.907197265625 0.55984375 0.18560546875 0.10907552083333333
7 0.104228515625 0.68359375 0.199755859375 0.11154296875000001
7 0.10640625 0.8119075520833333 0.188427734375 0.10569661458333333
7 0.105712890625 0.9413411458333334 0.187041015625 0.11139973958333334
7 0.30505859375 0.9457226562500001 0.151962890625 0.10854817708333332
7 0.303134765625 0.8108268229166667 0.179482421875 0.11979817708333333
7 0.3088671875 0.6899934895833333 0.1822265625 0.09646484374999999
7 0.502109375 0.6856380208333334 0.17328125 0.10517578125
7 0.503154296875 0.8151692708333332 0.19626953125 0.11454427083333334
7 0.508466796875 0.9387565104166667 0.17728515625 0.12248697916666666
7 0.701708984375 0.9396679687499999 0.175302734375 0.11733723958333332
7 0.7017578125 0.8115299479166667 0.168427734375 0.11423177083333334
7 0.8983984375 0.8157682291666667 0.18890625 0.11225260416666666
7 0.89892578125 0.939921875 0.179501953125 0.12016276041666667
7 0.897880859375 0.6857421874999999 0.184384765625 0.1169921875
7 0.7078515625 0.6841731770833334 0.191064453125 0.11733723958333332